chromosome	start	end	gene	log2	probes	weight	baf	cn	cn1	cn2
1	10500	783151	-	-4.26153	22	10.1297		0		
1	783651	1385482	-	-0.207718	291	121.852		2		
1	1385982	1567816	-	-1.12582	95	38.182		0		
1	1568075	1656956	-	-4.23429	80	30.879		0		
1	1663764	12907411	-	-0.232567	1883	813.525	0.258333	2	1	1
1	12907414	13747766	-	-6.99454	38	15.9868		0		
1	13748266	25598564	-	-0.317362	2048	876.973	0.283069	1	0	1
1	25599064	25648497	-	-19.5931	16	2.83747		0		
1	25655371	104115312	-	-0.179457	8515	3746.98	0.26087	2	1	1
1	104115812	104258696	-	-12.6911	16	5.11697		0		
1	104259196	108765744	-	0.0397023	116	60.9388		2		
1	108766244	109013341	-	-7.22781	14	5.84078		0		
1	109013841	120925367	-	-0.142162	1664	718.509	0.346667	2	1	1
1	120925867	121484934	-	-4.85717	25	10.7815		0		
1	142535934	243336180	-	-0.261684	12027	5240.86	0.180556	1	0	1
1	243339992	243375281	-	-15.0061	12	4.54424		0		
1	243375781	249240121	-	-0.682175	650	284.753	0.142857	1	0	1
2	10500	87073948	-	-0.0629379	7549	3385.27	0.223404	2	0	2
2	87080086	87423747	-	-13.9717	43	17.8806		0		
2	87425975	92325671	-	-2.34156	265	115.465		0		
2	95326671	96071346	-	-0.0140989	94	40.4735		2		
2	96071409	96514080	-	-4.29659	39	16.668		0		
2	96514580	96652885	-	-13.8489	29	11.6668		0		
2	96657252	96698156	-	-3.55696	28	10.9388		0		
2	96698656	97674230	-	-0.0226228	301	127.713		2		
2	97674730	97752012	-	-3.57554	11	4.64058		0		
2	97755981	98201792	-	-9.39715	54	21.7517		0		
2	98206005	112523958	-	-0.274028	1198	534.527	0.336397	1	0	1
2	112524458	112631273	-	-11.5797	38	15.5376		0		
2	112635773	243188873	-	-0.210096	11996	5342.14	0.190909	2	0	2
3	60500	90504354	-	0.00946854	8104	3628.75	0.174856	2	0	2
3	93505354	197961930	-	-0.0194079	8945	3991.37	0.13877	2	0	2
4	10500	49659617	-	-0.148131	3656	1659.19	0.081603	2	0	2
4	52660617	75314983	-	-0.478484	1540	694.063	0.374725	1	0	1
4	75316112	75490364	-	-16.2068	12	4.81875		0		
4	75490864	191043776	-	-0.264951	7099	3277.58	0.255435	1	0	1
5	10500	46405141	-	-0.13228	2812	1297.32	0.117328	2	0	2
5	49406141	68840203	-	-0.0416801	1316	601.884	0.129412	2	0	2
5	68840703	70378845	-	-6.91903	95	38.9784		0		
5	70379345	175344656	-	-0.0382223	8148	3673.3	0.166667	2	0	2
5	175345156	175540965	-	-5.21251	29	12.3689		0		
5	175541465	177052899	-	-0.139964	398	169.651	0.27694	2	1	1
5	177053399	177483168	-	-3.54526	51	21.3905		0		
5	177483668	180904760	-	-0.138284	604	257.969	0.114878	2	0	2
6	60500	31948360	-	0.0575983	3199	1420.79	0.210526	2	0	2
6	31948438	32013173	-	-4.38855	122	43.1185		0		
6	32013907	58779666	-	0.0910291	3746	1620.61	0.276596	2	1	1
6	61880666	171054567	-	-0.277274	7699	3500.37	0.183486	1	0	1
7	10500	5938598	-	-0.28329	864	374.454	0.102041	1	0	1
7	5939899	6017391	-	-10.4014	40	15.3618	0.031746	0	0	0
7	6018168	6777356	-	-0.407757	200	84.5422		1		
7	6781334	6864382	-	-11.4433	42	15.7236		0		
7	6865659	58053831	-	-0.35254	3754	1692.4	0.185185	1	0	1
7	61054831	74151796	-	-1.54304	863	388.216		0		
7	74152296	75145184	-	-5.49928	148	61.4981		0		
7	75145684	102826024	-	-0.403547	3083	1344	0.368357	1	0	1
7	102838937	102898216	-	-16.9334	12	4.99743		0		
7	102898840	143294622	-	-0.200538	3854	1705.06	0.276357	2	1	1
7	143295122	143560897	-	-7.08726	35	13.6534		0		
7	143561397	143840031	-	-0.00460817	40	17.4164		2		
7	143840531	144072748	-	-6.15018	68	23.7958		0		
7	144074197	159128163	-	-0.314916	1439	641.571	0.287879	1	0	1
8	10500	7271975	-	-0.149281	406	188.865	0.326636	2	1	1
8	7272475	7754138	-	-8.00794	79	27.3422		0		
8	7754638	43838387	-	-0.167647	3242	1446.95	0.333333	2	1	1
8	46839387	145293125	-	-0.22989	6428	2952.53	0.174168	2	0	2
8	145293625	145492161	-	-5.87828	95	34.6391		0		
8	145492661	146303522	-	-0.153068	263	113.272		2		
9	10500	33548867	-	-0.195842	1969	914.114	0.198284	2	0	2
9	33550383	33567306	-	-20.736	5	2.10212		0		
9	33568662	38571215	-	-0.242327	894	386.414	0.2625	2	1	1
9	38571951	38607513	-	-14.515	14	5.42689		0		
9	38610269	47317179	-	-2.53897	119	68.636		0		
9	65468179	141152931	-	-0.283609	8425	3693.41	0.215686	1	0	1
10	60500	17793797	-	-0.138131	1469	662.46	0.186047	2	0	2
10	17794297	18199407	-	-15.2746	91	35.3265		0		
10	18199907	24872795	-	-0.101688	454	209.42	0.462687	2	1	1
10	24873295	24874176	-	-6.86803	5	2.05819		0		
10	24874190	27529674	-	-0.180893	327	142.677	0.0897436	2	0	2
10	27538286	27623108	-	-8.05793	16	6.76194		0		
10	27623608	37436395	-	-0.336135	627	287.911		1		
10	37438559	37505252	-	-12.3888	10	3.96401		0		
10	37506678	38647466	-	-0.510989	76	33.8999		1		
10	38650178	39154435	-	-7.25038	18	8.42026		0		
10	42355435	47941413	-	-1.39984	350	154.483		0		
10	47941913	48055065	-	-16.3337	19	7.66613		0		
10	48106207	51064930	-	-0.187599	334	144.555		2		
10	51065430	52000354	-	-8.62949	105	42.7739		0		
10	52002916	135524247	-	-0.151025	8043	3571.63	0.290323	2	1	1
11	60500	42209288	-	-0.110603	4453	1960.14	0.158537	2	0	2
11	42210099	42275291	-	-15.0461	7	3.13065		0		
11	42275791	48388013	-	-0.0925968	928	404.007	0.333333	2	1	1
11	48388574	51593705	-	-6.04464	155	68.2138		0		
11	54694705	77595808	-	-0.246512	4827	2062.36	0.290323	2	1	1
11	77602452	77630033	-	-19.4057	10	4.06769		0		
11	77632375	89017416	-	-0.2416	620	290.387	0.337088	2	1	1
11	89017916	89819496	-	-5.07587	92	37.8957		0		
11	89819996	134946016	-	-0.142341	4372	1940.33	0.0972222	2	0	2
12	60500	34856194	-	-0.648048	4111	1786.85	0.181638	1	0	1
12	37857194	63974498	-	-0.359653	4255	1834.61	0.0975452	1	0	1
12	63974512	64041191	-	-16.5003	10	4.2031		0		
12	64041691	133841395	-	-0.447182	7389	3252.48	0.125	1	0	1
13	19020500	20077382	-	-5.9641	57	24.964		0		
13	20077882	115109378	-	-0.125105	5631	2613.97	0.186047	2	0	2
14	19000500	38148847	-	-0.471701	2374	1033.52		1		
14	38149347	38220446	-	-11.5025	17	6.94501		0		
14	38222267	60394839	-	-0.609345	1624	736.527	0.203987	1	0	1
14	60395007	60524751	-	-17.6786	36	14.7522		0		
14	60530035	107283157	-	-0.620967	5309	2333.62	0.137292	1	0	1
15	20000500	43851133	-	-0.822097	2795	1205.53	0.709109	1	1	0
15	43852604	44029229	-	-5.66358	194	78.78		0		
15	44029729	102520892	-	-0.349601	6983	3051.13	0.267606	1	0	1
16	60500	2588142	-	-0.287356	1144	479.33		1		
16	2588478	2723000	-	-5.81173	41	16.9862		0		
16	2723500	12136239	-	-0.113073	1212	532.594	0.390244	2	1	1
16	12136739	12146096	-	-7.93212	7	2.86243		0		
16	12146596	14950512	-	-0.208268	167	78.7397		2		
16	14951012	15149886	-	-3.02651	55	22.2363	0.364865	0	0	0
16	15153971	15188093	-	-10.8151	15	6.08218		0		
16	15188593	16292001	-	-0.349139	194	83.1617	0.589474	1	1	0
16	16295856	16460458	-	-6.66131	18	7.26272		0		
16	16460958	18478729	-	-0.0770486	41	23.8693		2		
16	18479435	18604038	-	-5.8805	19	7.64454		0		
16	18604538	20448694	-	-0.245572	294	128.244		2		
16	20451096	20599432	-	-3.97033	40	16.5083		0		
16	20601837	21357959	-	0.0671471	199	83.3032		2		
16	21358459	21608706	-	-4.80633	28	11.8353		0		
16	21611047	21807834	-	-1.00243	50	20.8315		1		
16	21808334	21830024	-	-20.602	10	4.01149		0		
16	21830524	35285301	-	-0.84784	2012	862.848	0.274194	1	0	1
16	46386301	70044754	-	-0.329475	2682	1184.75	0.147541	1	0	1
16	70047987	70181566	-	-7.52358	47	17.6114		0		
16	70182314	70860636	-	-0.337508	215	89.8613		1		
16	70861136	70871792	-	-10.3763	10	4.08151		0		
16	70873993	74366605	-	-0.40762	464	200.971	0.303571	1	0	1
16	74367353	74387789	-	-11.4733	23	8.80813		0		
16	74394502	90294253	-	-0.440536	1881	828.052	0.344144	1	0	1
17	6002	5044838	-	-0.265513	1281	545.467	0.280488	1	0	1
17	5045258	5076301	-	-14.2026	15	6.24277		0		
17	5076801	10247166	-	-0.122404	1329	567.669	0.720468	2	1	1
17	10247180	15449257	-	-0.326948	558	246.806	0.0243902	1	0	1
17	15450319	15546173	-	-7.03352	33	13.5345		0		
17	15546673	15642168	-	-2.61189	24	10.0226		0		
17	15643371	16594078	-	-0.484673	178	76.4152	0.326923	1	0	1
17	16596218	16676861	-	-10.5311	19	7.18478		0		
17	16677361	18380190	-	-0.275023	420	177.821	0.122222	1	0	1
17	18390897	18708914	-	-5.87174	81	31.6932		0		
17	18709414	20224816	-	-1.12156	274	117.64		0		
17	20227421	20305419	-	-14.7525	16	6.58291		0		
17	20305919	22262506	-	-2.18828	123	54.0126		0		
17	25263506	26080536	-	-1.52465	67	29.0445		0		
17	26084276	29061385	-	-0.0749863	732	311.412		2		
17	29061885	29103450	-	-17.5491	9	3.83034		0		
17	29103950	44360109	-	-0.313591	3477	1473.62	0.367801	1	0	1
17	44360609	44772045	-	-9.87099	49	15.0979		0		
17	44772545	57651333	-	-0.185619	1740	758.058	0.123077	2	0	2
17	57651473	57676855	-	-12.9676	12	4.81581		0		
17	57679833	58052872	-	-0.769192	102	43.2488		1		
17	58053372	58078731	-	-14.8605	12	4.94241		0		
17	58078871	60314887	-	-1.02195	301	130.964		1		
17	60315387	60369401	-	-12.9206	20	8.2987		0		
17	60374231	81194710	-	-0.161149	3843	1656.36	0.128627	2	0	2
18	10500	14791434	-	-0.405324	1271	568.342	0.1974	1	0	1
18	14796200	15410398	-	-6.84241	37	16.0281		0		
18	18511398	78016748	-	-0.127236	3651	1692.07	0.136706	2	0	2
19	60500	19904846	-	-0.212641	6263	2640.72	0.302632	2	1	1
19	19905346	24631282	-	-2.04041	464	199.638	0.266667	0	0	0
19	27732282	43228202	-	-0.272261	3029	1293.81	0.184096	1	0	1
19	43228702	43780639	-	-4.98117	53	22.7961		0		
19	43781139	52942070	-	-0.20486	3003	1266.21	0.333333	2	1	1
19	52942185	54177471	-	-2.01126	303	127.738	0.104167	0	0	0
19	54177473	56270508	-	-0.276213	861	350.782	0.0623249	1	0	1
19	56273131	56289805	-	-4.82705	15	5.14606		0		
19	56289893	59118483	-	-0.0479501	751	320.805		2		
20	60500	26319069	-	-0.0231979	2265	1013.87	0.326087	2	1	1
20	29420069	62959313	-	-0.0313064	4562	1993.13	0.5	2	1	1
21	9411693	11187629	-	-2.44976	58	25.875		0		
21	14338629	14778816	-	-6.89433	19	8.43361		0		
21	14780607	48119395	-	-0.0558077	3024	1346.77	0.338462	2	1	1
22	16050500	51244066	-	-0.313587	5840	2500.42	0.24359	1	0	1
X	60500	2692870	-	-5.76023	202	86.699		0		
X	2699991	51795419	-	-0.152291	3570	1575.22		1		
X	51795919	52977804	-	-6.45109	92	39.9646		0		
X	52978304	55101917	-	0.0550165	424	177.65		1		
X	55102417	55119252	-	-16.615	11	4.28223		0		
X	55119752	55248317	-	-5.13991	15	6.22782		0		
X	55249007	58581512	-	-0.239221	111	51.941		1		
X	61682512	70934501	-	-0.0758085	766	333.718		1		
X	70935001	70986272	-	-6.45641	15	6.10754		0		
X	70986772	71492097	-	0.25813	34	15.6957		1		
X	71492597	71497041	-	-2.00769	11	4.42579		0		
X	71497045	71932832	-	0.0665894	74	29.5918		1		
X	71933533	72298952	-	-6.71233	38	16.1989		0		
X	72298957	101470287	-	-0.222051	1162	554.427		1		
X	101470787	101726223	-	-9.51384	59	23.5138		0		
X	101726723	155260060	-	-0.289692	3991	1747.02		0		
Y	2655075	4900149	-	0.0466045	50	26.8923		1		
Y	4900649	5606004	-	-8.56404	31	13.6638		0		
Y	5606504	20708231	-	-0.431403	347	171.68		0		
Y	20708731	20935445	-	-14.5089	17	7.40425		0		
Y	20935945	28818861	-	-1.26113	168	82.6748		0		
Y	58819861	59033549	-	0.841676	2	0.832102		2		
